- lidar-color_result -
Euler angles (RPY):
 (1.0381556430336862, -1.4617255192565983, 0.49723265747382017)
Rotation Matrix:
 [[ 0.09567302 -0.99487397 -0.03274847]
 [ 0.05192315  0.03784243 -0.99793383]
 [ 0.99405767  0.09377494  0.05527749]]
Translation Offsets:
 [[ 0.04416979  0.13311777  0.00951865]]


- lidar-theraml_result -
Euler angles (RPY):
 (0.18819248915766637, -1.4572015297323222, 1.3119044112517848)
Rotation Matrix:
 [[ 0.02901885 -0.99719315 -0.06901971]
 [ 0.10957316  0.07180611 -0.99138167]
 [ 0.99355505  0.02120605  0.11134933]]
Translation Offsets:
 [[ 0.07871203 -0.00539092  0.07321973]]


- color-thermal_result -
StereoCalibrate Result:
Stereo calibration rms:  7.36055918024
K_color : 
 [[ 614.80749512    0.          325.82492065]
 [   0.          615.13183594  246.36560059]
 [   0.            0.            1.        ]]
D_color : 
 [[ 0.]
 [ 0.]
 [ 0.]
 [ 0.]
 [ 0.]]
K_thermal : 
 [[ 436.12823486    0.          342.13812256]
 [   0.          406.08584595  222.08595276]
 [   0.            0.            1.        ]]
D_thermal : 
 [[-0.01323]
 [ 0.00089]
 [-0.00774]
 [-0.00372]
 [ 0.     ]]
R : 
 [[ 0.99803805 -0.00130948 -0.06259655]
 [ 0.00376921  0.99922455  0.03919303]
 [ 0.06249669 -0.03935207  0.99726906]]
T : 
 [[ 0.01844453]
 [-0.0852851 ]
 [ 0.07063509]]
E : 
 [[-0.00559627 -0.06722417 -0.08782059]
 [ 0.06934378  0.00063333 -0.02281567]
 [ 0.08518729  0.01831854 -0.00461566]]
F : 
 [[ -9.90919774e-07  -1.18969558e-05  -6.30650917e-03]
 [  1.31869192e-05   1.20376083e-07  -6.99380644e-03]
 [  3.98892639e-03   5.45755815e-03   1.00000000e+00]]


StereoRectify result:
R1 : 
 [[ 0.97900746  0.18295408 -0.08984541]
 [-0.20043351  0.78407369 -0.58741371]
 [-0.03702431  0.59309043  0.80428412]]
R2 : 
 [[ 0.98247114  0.18298098 -0.03561495]
 [-0.16429693  0.75968768 -0.62919087]
 [-0.08807372  0.6240133   0.77643443]]
P1 : 
 [[ 282.65429772    0.          361.64617157    0.        ]
 [   0.          282.65429772  716.13365203    0.        ]
 [   0.            0.            1.            0.        ]]
P2 : 
 [[ 282.65429772    0.          361.64617157    0.        ]
 [   0.          282.65429772  716.13365203  -31.73172292]
 [   0.            0.            1.            0.        ]]
Q : 
 [[   1.            0.            0.         -361.64617157]
 [   0.            1.            0.         -716.13365203]
 [   0.            0.            0.          282.65429772]
 [   0.            0.            8.90762529   -0.        ]]