- lidar-color_result -
Euler angles (RPY):
 (-1.5466500159289798, -1.4051459499084422, 3.0866832658995733)
Rotation Matrix:
 [[-0.16464532 -0.98586279 -0.03108823]
 [ 0.00904967  0.03000718 -0.99950872]
 [ 0.98631132 -0.16484577  0.00398119]]
Translation Offsets:
 [[ 0.125649    0.21456649  0.04075267]]


- lidar-theraml_result -
Euler angles (RPY):
 (-0.8688925995338551, -1.359962036152075, 2.3692714490597795)
Rotation Matrix:
 [[-0.14990275 -0.98540994 -0.08060038]
 [ 0.1460326   0.05856022 -0.98754503]
 [ 0.97785666 -0.159806    0.13512364]]
Translation Offsets:
 [[ 0.06117212  0.00437446  0.10132297]]


- color-thermal_result -
StereoCalibrate Result:
Stereo calibration rms:  11.294636157
K_color : 
 [[ 610.96398926    0.          334.64035034]
 [   0.          610.78204346  254.73841858]
 [   0.            0.            1.        ]]
D_color : 
 [[ 0.]
 [ 0.]
 [ 0.]
 [ 0.]
 [ 0.]]
K_thermal : 
 [[ 436.12823486    0.          342.13812256]
 [   0.          406.08584595  222.08595276]
 [   0.            0.            1.        ]]
D_thermal : 
 [[-0.01323]
 [ 0.00089]
 [-0.00774]
 [-0.00372]
 [ 0.     ]]
R : 
 [[ 0.99530671  0.0359724  -0.08983616]
 [-0.02834864  0.99599957  0.08474207]
 [ 0.09252515 -0.08179762  0.99234482]]
T : 
 [[ 0.07386155]
 [-0.13268793]
 [ 0.06207791]]
E : 
 [[-0.01051715 -0.05097602 -0.13693279]
 [ 0.05495251  0.00827479 -0.07887297]
 [ 0.12997132  0.07833918 -0.00566099]]
F : 
 [[ -1.03363512e-06  -5.01146362e-06  -6.59977483e-03]
 [  5.80033710e-06   8.73679340e-07  -7.24997462e-03]
 [  4.63644573e-03   4.87944083e-03   1.00000000e+00]]


StereoRectify result:
R1 : 
 [[ 0.86124282  0.49731492 -0.10458813]
 [-0.50603929  0.82030338 -0.26650817]
 [-0.0467445   0.28245395  0.95814128]]
R2 : 
 [[ 0.88448617  0.46204736 -0.06478004]
 [-0.45021394  0.80878288 -0.37838823]
 [-0.12244029  0.36384403  0.92337744]]
P1 : 
 [[ 307.8368281     0.          371.59035778    0.        ]
 [   0.          307.8368281   424.91251373    0.        ]
 [   0.            0.            1.            0.        ]]
P2 : 
 [[ 307.8368281     0.          371.59035778    0.        ]
 [   0.          307.8368281   424.91251373  -50.50333447]
 [   0.            0.            1.            0.        ]]
Q : 
 [[   1.            0.            0.         -371.59035778]
 [   0.            1.            0.         -424.91251373]
 [   0.            0.            0.          307.8368281 ]
 [   0.            0.            6.0953763    -0.        ]]
