- lidar-color_result -
Euler angles (RPY):
 (-1.7353146136572226, -1.378435582449991, -2.9454141713802926)
Rotation Matrix:
 [[-0.1875096  -0.98165257  0.03461773]
 [-0.03726464 -0.02810823 -0.99891004]
 [ 0.98155565 -0.18859524 -0.03131036]]
Translation Offsets:
 [[ 0.18401614  0.25342527 -0.044808  ]]


- lidar-theraml_result -
Euler angles (RPY):
 (-1.4795836052788576, -1.3379215101705162, 3.0838076458823087)
Rotation Matrix:
 [[-0.2303905  -0.9726054   0.0309669 ]
 [ 0.01332795 -0.03497393 -0.99929935]
 [ 0.97300698 -0.22981636  0.0210205 ]]
Translation Offsets:
 [[ 0.20414738  0.15509548  0.01106015]]


- color-thermal_result -
StereoCalibrate Result:
Stereo calibration rms:  6.13649648772
K_color : 
 [[ 610.96398926    0.          334.64035034]
 [   0.          610.78204346  254.73841858]
 [   0.            0.            1.        ]]
D_color : 
 [[ 0.]
 [ 0.]
 [ 0.]
 [ 0.]
 [ 0.]]
K_thermal : 
 [[ 436.12823486    0.          342.13812256]
 [   0.          406.08584595  222.08595276]
 [   0.            0.            1.        ]]
D_thermal : 
 [[-0.01323]
 [ 0.00089]
 [-0.00774]
 [-0.00372]
 [ 0.     ]]
R : 
 [[  9.98234297e-01   3.26368852e-03  -5.93096687e-02]
 [  5.43825198e-04   9.97945391e-01   6.40679330e-02]
 [  5.93969083e-02  -6.39870622e-02   9.96181541e-01]]
T : 
 [[ 0.04151349]
 [-0.12607523]
 [ 0.04583459]]
E : 
 [[-0.0075134  -0.03767323 -0.12853035]
 [ 0.04328789  0.00280592 -0.04407341]
 [ 0.1258752   0.04183967 -0.0048178 ]]
F : 
 [[ -8.87443234e-07  -4.45108646e-06  -7.84440121e-03]
 [  5.49119047e-06   3.56044431e-07  -5.34407183e-03]
 [  5.56833797e-03   3.59974850e-03   1.00000000e+00]]


StereoRectify result:
R1 : 
 [[ 0.94925433  0.30780309 -0.06460236]
 [-0.31400466  0.91588856 -0.25009844]
 [-0.01781251  0.25769247  0.96606279]]
R2 : 
 [[ 0.95241435  0.30354797 -0.02766832]
 [-0.29562779  0.89781271 -0.32639937]
 [-0.07423689  0.31904697  0.94482692]]
P1 : 
 [[ 336.37193476    0.          353.78524017    0.        ]
 [   0.          336.37193476  398.14506769    0.        ]
 [   0.            0.            1.            0.        ]]
P2 : 
 [[ 336.37193476    0.          353.78524017    0.        ]
 [   0.          336.37193476  398.14506769  -47.23498444]
 [   0.            0.            1.            0.        ]]
Q : 
 [[   1.            0.            0.         -353.78524017]
 [   0.            1.            0.         -398.14506769]
 [   0.            0.            0.          336.37193476]
 [   0.            0.            7.1212458    -0.        ]]
