- lidar-color_result -
Euler angles (RPY):
 (-1.8447535223861955, -1.4894830846112934, -2.8611238335064266)
Rotation Matrix:
 [[-0.07804991 -0.99692221  0.00737055]
 [-0.02248321 -0.00563109 -0.99973136]
 [ 0.9966959  -0.07819466 -0.02197451]]
Translation Offsets:
 [[ 0.22510993  0.21677982  0.02251931]]

- lidar-theraml_result -
Euler angles (RPY):
 (-1.5371988429230008, -1.4519832708245, 3.1139227904921523)
Rotation Matrix:
 [[-0.11848834 -0.99293914  0.00569086]
 [ 0.00327939 -0.00612252 -0.99997588]
 [ 0.99295003 -0.11846682  0.00398169]]
Translation Offsets:
 [[ 0.21980825  0.18492601  0.08939469]]


- color-thermal_result -
StereoCalibrate Result:
Stereo calibration rms:  29.0613182306
K_color : 
 [[ 617.30926514    0.          324.38442993]
 [   0.          617.04193115  224.40705872]
 [   0.            0.            1.        ]]
D_color : 
 [[ 0.]
 [ 0.]
 [ 0.]
 [ 0.]
 [ 0.]]
K_thermal : 
 [[ 436.12823486    0.          342.13812256]
 [   0.          406.08584595  222.08595276]
 [   0.            0.            1.        ]]
D_thermal : 
 [[-0.01323]
 [ 0.00089]
 [-0.00774]
 [-0.00372]
 [ 0.     ]]
R : 
 [[ 0.99859875 -0.00481049 -0.05270099]
 [ 0.00263198  0.99914213 -0.04132894]
 [ 0.0528546   0.04113232  0.99775474]]
T : 
 [[-0.01123259]
 [-0.04567752]
 [-0.0365023 ]]
E : 
 [[-0.00231819  0.03459216 -0.04708357]
 [-0.03585745  0.00063762  0.01313107]
 [ 0.04558395 -0.01144268 -0.00194302]]
F : 
 [[ -1.27452563e-06   1.90267500e-05  -1.98360875e-02]
 [ -2.11726206e-05   3.76654201e-07   1.15698262e-02]
 [  1.60683279e-02  -9.33834176e-03   1.00000000e+00]]


StereoRectify result:
R1 : 
 [[ 0.97366712 -0.20945901 -0.08999591]
 [ 0.22281423  0.79082366  0.5700454 ]
 [-0.04823025 -0.57508683  0.81666944]]
R2 : 
 [[ 0.97805324 -0.20299721 -0.0469466 ]
 [ 0.1886558   0.7671723   0.61307067]
 [-0.08843551 -0.60847251  0.78863196]]
P1 : 
 [[ 250.26871136    0.          372.71384048    0.        ]
 [   0.          250.26871136 -298.0727067     0.        ]
 [   0.            0.            1.            0.        ]]
P2 : 
 [[ 250.26871136    0.          372.71384048    0.        ]
 [   0.          250.26871136 -298.0727067   -14.90102661]
 [   0.            0.            1.            0.        ]]
Q : 
 [[   1.            0.            0.         -372.71384048]
 [   0.            1.            0.          298.0727067 ]
 [   0.            0.            0.          250.26871136]
 [   0.            0.           16.7954006    -0.        ]]
